340	-0.6105
350	-0.5573
360	-0.5089
370	-0.4648
380	-0.4243
390	-0.387
400	-0.3527
410	-0.321
420	-0.2915
430	-0.2642
440	-0.2387
450	-0.2149
460	-0.1927
470	-0.1719
480	-0.1523
490	-0.134
500	-0.1167
510	-0.1004
520	-0.085
530	-0.0704
540	-0.0567
550	-0.0436
560	-0.0312
570	-0.0194
580	-0.0081
590	0.0026
600	0.0128
610	0.0225
620	0.0319
630	0.0408
640	0.0494
650	0.0576
660	0.0655
670	0.0731
680	0.0804
690	0.0874
700	0.0942
710	0.1007
720	0.1071
730	0.1132
740	0.1191
750	0.1248
760	0.1304
770	0.1358
780	0.141
790	0.1461
800	0.1511
810	0.1559
820	0.1606
830	0.1652
840	0.1697
850	0.1741
860	0.1784
870	0.1825
880	0.1866
890	0.1906
900	0.1946
910	0.1984
920	0.2022
930	0.2059
940	0.2096
950	0.2132
960	0.2167
970	0.2202
980	0.2236
990	0.227
1000	0.2303
1010	0.2336
1020	0.2369
1030	0.2401
1040	0.2432
1050	0.2464
1060	0.2495
1070	0.2525
1080	0.2556
1090	0.2586
1100	0.2616
1110	0.2645
1120	0.2675
1130	0.2704
1140	0.2733
1150	0.2762
1160	0.279
1170	0.2819
1180	0.2847
1190	0.2875
1200	0.2903
1210	0.2931
1220	0.2958
1230	0.2986
1240	0.3014
1250	0.3041
1260	0.3068
1270	0.3095
1280	0.3123
1290	0.315
1300	0.3177
1310	0.3204
1320	0.323
1330	0.3257
1340	0.3284
1350	0.3311
1360	0.3338
1370	0.3364
1380	0.3391
1390	0.3418
1400	0.3445
1410	0.3471
1420	0.3498
1430	0.3525
1440	0.3552
1450	0.3578
1460	0.3605
1470	0.3632
1480	0.3659
1490	0.3686
1500	0.3713
1510	0.374
1520	0.3767
1530	0.3794
1540	0.3821
1550	0.3848
1560	0.3875
1570	0.3902
1580	0.393
1590	0.3957
1600	0.3985
1610	0.4012
1620	0.404
1630	0.4067
1640	0.4095
1650	0.4123
1660	0.4151
1670	0.4179
1680	0.4207
1690	0.4235
1700	0.4263
1710	0.4291
1720	0.432
1730	0.4348
1740	0.4377
1750	0.4405
1760	0.4434
1770	0.4463
1780	0.4492
1790	0.4521
1800	0.455
1810	0.4579
1820	0.4608
1830	0.4638
1840	0.4668
1850	0.4697
1860	0.4727
1870	0.4757
1880	0.4787
1890	0.4817
1900	0.4847
1910	0.4878
1920	0.4908
1930	0.4939
1940	0.4969
1950	0.5
1960	0.5031
1970	0.5062
1980	0.5093
1990	0.5125
2000	0.5156
2010	0.5188
2020	0.5219
2030	0.5251
2040	0.5283
2050	0.5315
2060	0.5347
2070	0.538
2080	0.5412
2090	0.5445
2100	0.5477
2110	0.551
2120	0.5543
2130	0.5577
2140	0.561
2150	0.5643
2160	0.5677
2170	0.571
2180	0.5744
2190	0.5778
2200	0.5812
2210	0.5847
2220	0.5881
2230	0.5916
2240	0.595
2250	0.5985
2260	0.602
2270	0.6055
2280	0.6091
2290	0.6126
2300	0.6162
2310	0.6197
2320	0.6233
2330	0.6269
2340	0.6306
2350	0.6342
2360	0.6378
2370	0.6415
2380	0.6452
2390	0.6489
2400	0.6526
