340	-0.53421
350	-0.48766
360	-0.44533
370	-0.40667
380	-0.37124
390	-0.33866
400	-0.30862
410	-0.28084
430	-0.23115
440	-0.20886
450	-0.18806
460	-0.16862
470	-0.1504
480	-0.13331
490	-0.11724
500	-0.10211
510	-0.08785
520	-0.07438
530	-0.06164
540	-0.04958
550	-0.03814
560	-0.02728
570	-0.01695
580	-0.00713
590	0.00224
600	0.01118
610	0.01972
620	0.02789
630	0.0357
640	0.0432
650	0.05039
660	0.05729
670	0.06393
680	0.07032
690	0.07648
700	0.08242
710	0.08815
720	0.09368
730	0.09904
740	0.10422
750	0.10924
760	0.11411
770	0.11883
780	0.12342
790	0.12788
800	0.13222
810	0.13644
820	0.14056
830	0.14457
840	0.14849
850	0.15232
860	0.15606
870	0.15972
880	0.1633
890	0.16681
900	0.17025
910	0.17362
920	0.17693
930	0.18018
940	0.18338
950	0.18652
960	0.18961
970	0.19266
980	0.19566
990	0.19861
1000	0.20153
1010	0.20441
1020	0.20725
1030	0.21006
1040	0.21283
1050	0.21558
1060	0.21829
1070	0.22098
1080	0.22364
1090	0.22628
1100	0.22889
1110	0.23148
1120	0.23405
1130	0.2366
1140	0.23914
1150	0.24165
1160	0.24415
1170	0.24664
1180	0.24911
1190	0.25156
1200	0.25401
1210	0.25644
1220	0.25887
1230	0.26128
1240	0.26368
1250	0.26608
1260	0.26847
1270	0.27085
1280	0.27322
1290	0.27559
1300	0.27795
1310	0.28031
1320	0.28266
1330	0.28501
1340	0.28736
1350	0.28971
1360	0.29205
1370	0.29439
1380	0.29673
1390	0.29907
1400	0.30141
1410	0.30375
1420	0.30609
1430	0.30843
1440	0.31077
1450	0.31311
1460	0.31546
1470	0.31781
1480	0.32016
1490	0.32251
1500	0.32487
1510	0.32722
1520	0.32959
1530	0.33195
1540	0.33432
1550	0.3367
1560	0.33908
1570	0.34146
1580	0.34385
1590	0.34625
1600	0.34865
1610	0.35105
1620	0.35347
1630	0.35589
1640	0.35831
1650	0.36074
1660	0.36318
1670	0.36562
1680	0.36808
1690	0.37054
1700	0.373
1710	0.37548
1720	0.37796
1730	0.38045
1740	0.38295
1750	0.38546
1760	0.38797
1770	0.39049
1780	0.39303
1790	0.39557
1800	0.39812
1810	0.40068
1820	0.40324
1830	0.40582
1840	0.40841
1850	0.411
1860	0.41361
1870	0.41622
1880	0.41885
1890	0.42148
1900	0.42413
1910	0.42678
1920	0.42945
1930	0.43212
1940	0.43481
1950	0.43751
1960	0.44021
1970	0.44293
1980	0.44566
1990	0.4484
2000	0.45115
2010	0.45391
2020	0.45669
2030	0.45947
2040	0.46226
2050	0.46507
2060	0.46789
2070	0.47072
2080	0.47356
2090	0.47641
2100	0.47928
2110	0.48216
2120	0.48504
2130	0.48794
2140	0.49086
2150	0.49378
2160	0.49672
2170	0.49967
2180	0.50263
2190	0.5056
2200	0.50859
2210	0.51159
2220	0.5146
2230	0.51762
2240	0.52066
2250	0.52371
2260	0.52677
2270	0.52984
2280	0.53293
2290	0.53603
2300	0.53915
2310	0.54227
2320	0.54541
2330	0.54857
2340	0.55173
2350	0.55491
2360	0.55811
2370	0.56131
2380	0.56453
2390	0.56777
2400	0.57102
