340	-1.0175
350	-0.9289
360	-0.8482
370	-0.7746
380	-0.7071
390	-0.6451
400	-0.5878
410	-0.5349
420	-0.4859
430	-0.4403
440	-0.3978
450	-0.3582
460	-0.3212
470	-0.2865
480	-0.2539
490	-0.2233
500	-0.1945
510	-0.1673
520	-0.1417
530	-0.1174
540	-0.0944
550	-0.0726
560	-0.052
570	-0.0323
580	-0.0136
590	0.0043
600	0.0213
610	0.0376
620	0.0531
630	0.068
640	0.0823
650	0.096
660	0.1091
670	0.1218
680	0.1339
690	0.1457
700	0.157
710	0.1679
720	0.1784
730	0.1886
740	0.1985
750	0.2081
760	0.2173
770	0.2263
780	0.2351
790	0.2436
800	0.2518
810	0.2599
820	0.2677
830	0.2754
840	0.2828
850	0.2901
860	0.2973
870	0.3042
880	0.311
890	0.3177
900	0.3243
910	0.3307
920	0.337
930	0.3432
940	0.3493
950	0.3553
960	0.3612
970	0.367
980	0.3727
990	0.3783
1000	0.3839
1010	0.3893
1020	0.3948
1030	0.4001
1040	0.4054
1050	0.4106
1060	0.4158
1070	0.4209
1080	0.426
1090	0.431
1100	0.436
1110	0.4409
1120	0.4458
1130	0.4507
1140	0.4555
1150	0.4603
1160	0.4651
1170	0.4698
1180	0.4745
1190	0.4792
1200	0.4838
1210	0.4885
1220	0.4931
1230	0.4977
1240	0.5023
1250	0.5068
1260	0.5114
1270	0.5159
1280	0.5204
1290	0.5249
1300	0.5294
1310	0.5339
1320	0.5384
1330	0.5429
1340	0.5474
1350	0.5518
1360	0.5563
1370	0.5607
1380	0.5652
1390	0.5697
1400	0.5741
1410	0.5786
1420	0.583
1430	0.5875
1440	0.5919
1450	0.5964
1460	0.6009
1470	0.6053
1480	0.6098
1490	0.6143
1500	0.6188
1510	0.6233
1520	0.6278
1530	0.6323
1540	0.6368
1550	0.6413
1560	0.6459
1570	0.6504
1580	0.655
1590	0.6595
1600	0.6641
1610	0.6687
1620	0.6733
1630	0.6779
1640	0.6825
1650	0.6871
1660	0.6918
1670	0.6964
1680	0.7011
1690	0.7058
1700	0.7105
1710	0.7152
1720	0.7199
1730	0.7247
1740	0.7294
1750	0.7342
1760	0.739
1770	0.7438
1780	0.7486
1790	0.7535
1800	0.7583
1810	0.7632
1820	0.7681
1830	0.773
1840	0.7779
1850	0.7829
1860	0.7878
1870	0.7928
1880	0.7978
1890	0.8028
1900	0.8079
1910	0.8129
1920	0.818
1930	0.8231
1940	0.8282
1950	0.8333
1960	0.8385
1970	0.8437
1980	0.8489
1990	0.8541
2000	0.8593
2010	0.8646
2020	0.8699
2030	0.8752
2040	0.8805
2050	0.8859
2060	0.8912
2070	0.8966
2080	0.902
2090	0.9075
2100	0.9129
2110	0.9184
2120	0.9239
2130	0.9294
2140	0.935
2150	0.9405
2160	0.9461
2170	0.9517
2180	0.9574
2190	0.9631
2200	0.9687
2210	0.9745
2220	0.9802
2230	0.9859
2240	0.9917
2250	0.9975
2260	1.0034
2270	1.0092
2280	1.0151
2290	1.021
2300	1.0269
2310	1.0329
2320	1.0389
2330	1.0449
2340	1.0509
2350	1.057
2360	1.0631
2370	1.0692
2380	1.0753
2390	1.0815
2400	1.0876
